04:59 38分前 下り
04:58 39分前 下り
04:57 40分前 下り
04:56 41分前 下り
04:55 42分前 下り
04:54 43分前 下り
04:53 44分前 下り
04:52 45分前 下り
04:51 46分前 下り
04:50 47分前 下り
04:49 48分前 下り
04:48 49分前 下り
04:47 50分前 下り
04:46 51分前 下り
04:45 52分前 下り
04:44 53分前 下り
04:43 54分前 下り
04:42 55分前 下り
04:41 56分前 下り
04:40 57分前 下り
04:39 58分前 下り
04:38 59分前 下り
04:37 60分前 下り
04:36 61分前 下り
04:35 62分前 下り
04:34 63分前 下り
04:33 64分前 下り
04:32 65分前 下り
04:31 66分前 下り
04:30 67分前 下り
04:29 68分前 下り
04:28 69分前 下り
04:27 70分前 下り
04:26 71分前 下り
04:25 72分前 下り
04:24 73分前 下り
04:23 74分前 下り
04:22 75分前 下り
04:21 76分前 下り
04:20 77分前 下り
04:19 78分前 下り
04:18 79分前 下り
04:17 80分前 下り
04:16 81分前 下り
04:15 82分前 下り
04:14 83分前 下り
04:13 84分前 下り
04:12 85分前 下り
04:11 86分前 下り
04:10 87分前 下り
04:09 88分前 下り
04:08 89分前 下り
04:07 90分前 下り
04:06 91分前 下り
04:05 92分前 下り
04:04 93分前 下り
04:03 94分前 下り
04:02 95分前 下り
04:01 96分前 下り
04:00 97分前 下り
